1 0 5
1 3 5
1 4 4
1 5 4
1 6 5
2 1 3
2 5 3
2 6 4
2 9 4
3 0 3
3 1 4
3 6 4
3 7 3
3 8 4
3 9 4
3 10 3
4 0 5
4 1 5
4 4 4
4 6 5
4 10 5
5 2 4
5 5 2
5 6 2
5 7 3
5 8 4
6 0 4
6 2 5
6 6 5
6 7 4
6 8 5
7 0 5
7 2 5
7 6 3
7 7 3
7 10 5
8 0 3
8 1 4
8 6 3
8 7 3
8 9 4
8 10 4
9 0 3
9 1 4
9 5 2
9 6 4
9 7 3
9 9 4
9 10 4
10 0 4
10 1 4
10 5 3
10 6 4
10 7 4
10 8 3
10 9 4
11 0 5
11 1 5
11 4 4
11 5 4
11 6 5
11 7 4
11 8 5
12 1 5
12 9 4
13 1 5
13 4 3
13 7 4
14 0 5
14 4 5
14 5 3
14 6 4
14 7 3
14 10 5
15 3 5
15 4 4
15 5 3
15 7 4
15 8 3
15 9 5
15 10 5
16 0 4
16 1 4
16 6 5
16 7 4
16 8 5
16 9 4
16 10 4
17 0 3
17 1 2
17 6 4
17 7 3
17 8 4
17 9 3
17 10 3
18 0 3
18 6 4
18 7 3
18 8 4
18 9 3
18 10 3
19 0 5
19 4 4
19 6 4
19 7 3
19 10 5
20 1 5
21 0 5
21 4 4
21 6 5
21 7 3
21 10 5
22 1 4
22 6 3
22 7 4
22 9 4
22 10 4
23 3 4
23 6 4
23 7 3
23 10 4
24 3 5
24 4 5
24 5 3
25 2 5
25 7 4
25 8 5
26 2 4
27 2 5
27 7 4
28 0 4
28 1 5
28 5 4
29 4 5
29 7 5
30 0 5
30 5 5
30 6 4
30 8 5
30 10 3
31 5 5
31 7 3
31 8 5
31 9 5
32 0 5
32 4 5
32 5 5
32 7 5
33 4 3
34 4 4
34 5 5
35 4 4
35 5 5
36 4 2
36 5 5
36 6 4
36 7 3
36 8 4
36 10 5
37 5 5
37 7 2
38 5 5
38 6 4
38 7 4
38 8 3
38 9 5
38 10 3
39 4 4
39 5 2
39 6 3
40 5 3
40 7 2
40 8 3
40 10 4
41 5 4
41 6 4
41 7 1
41 8 3
41 9 3
41 10 1
42 5 5
42 6 5
43 0 5
43 4 4
43 5 5
43 6 5
43 7 5
43 8 5
43 9 5
43 10 4
44 0 3
44 4 3
44 5 5
44 6 5
44 7 4
44 8 5
44 9 4
44 10 3
45 0 4
45 4 3
45 5 3
45 6 5
45 7 4
45 8 5
45 9 4
45 10 3
46 0 4
46 4 4
46 5 5
46 7 3
46 8 4
46 9 4
47 0 5
47 4 2
47 5 4
47 6 4
47 7 3
47 8 4
47 9 4
47 10 4
48 0 3
48 4 1
48 5 3
48 6 3
48 7 3
48 8 4
48 9 3
49 5 5
50 5 5
50 7 3
50 10 3
51 5 3
52 0 3
52 5 2
52 6 1
52 7 4
53 0 2
53 4 3
53 5 4
53 6 5
53 7 4
53 8 5
53 9 4
53 10 4
54 0 4
54 4 4
54 5 4
54 6 5
54 7 4
54 9 4
54 10 4
55 0 4
55 4 4
55 5 5
55 6 5
55 7 5
55 9 5
55 10 5
56 0 5
56 4 4
56 5 4
56 6 5
56 7 4
56 9 5
56 10 4
57 0 3
57 4 4
57 5 3
57 6 5
57 7 3
57 9 4
57 10 5
58 0 4
58 4 4
58 5 5
58 6 3
58 7 5
58 9 4
58 10 5
59 0 4
59 4 4
59 5 4
59 6 5
59 7 4
59 10 4
60 0 4
60 4 4
60 5 3
60 6 5
60 7 3
60 10 4
61 0 4
61 4 4
61 5 3
61 6 5
61 7 3
62 0 5
62 4 4
62 5 5
62 6 5
62 7 3
63 0 4
63 5 4
63 6 4
63 7 3
63 10 5
64 5 4
65 5 4
65 7 4
65 9 1
66 5 5
66 7 4
66 9 4
66 10 4
67 5 4
67 7 4
67 9 4
68 5 4
68 7 4
68 9 4
69 4 5
69 5 3
69 7 4
70 5 5
70 7 5
71 5 5
72 5 4
73 0 3
73 4 4
73 5 5
73 6 5
74 5 4
74 6 2
74 9 4
75 5 3
75 6 5
75 7 4
75 8 4
75 9 4
75 10 5
77 7 5
77 8 5
77 9 4
78 5 2
78 7 3
78 8 3
79 0 4
79 7 5
79 8 5
79 9 5
79 10 4
80 0 3
80 7 3
80 8 4
80 10 3
81 0 4
81 4 3
81 5 3
81 7 5
81 8 5
81 10 5
82 5 2
82 7 4
82 8 5
82 9 5
83 0 3
83 5 4
83 7 4
83 8 4
84 0 4
84 5 2
84 8 4
84 10 4
85 7 4
86 4 4
86 5 4
86 7 4
86 8 4
87 0 3
87 5 3
87 7 3
87 8 3
87 9 3
87 10 3
88 0 3
88 5 5
88 7 2
88 9 2
89 4 5
89 5 5
89 7 4
89 9 3
90 0 4
90 4 5
90 5 4
90 7 4
90 8 4
90 9 4
90 10 4
91 0 3
91 4 4
91 5 4
91 8 5
91 9 2
91 10 4
92 0 5
92 4 5
92 5 4
92 8 5
92 9 3
92 10 3
93 0 5
93 4 4
93 5 4
93 7 5
93 8 5
93 9 5
93 10 4
94 0 4
94 4 5
94 5 5
94 7 5
94 8 4
94 9 4
94 10 4
95 4 5
95 7 4
96 7 5
96 8 5
97 7 3
97 8 4
98 5 2
98 7 3
99 7 4
99 8 4
